 sort_vec=[127 22 18 23 26 128 19 24 27 33 20 12 25 28 34 39 13 21 29 35 40 44 7 32 31 30 36 41 45 37 42 46 49 38 43 48 47 50 56 57 54 61 53 67 60 52 72 66 59 51 71 65 58 75 70 64 74 69 63 17 16 11 6 129 55 62 68 73 76 82 126 14 15 9 8 125 10 2 1 3 4 124 123 122 121 5 119 118 117 116 120 113 107 81 106 112 111 110 115 88 105 104 109 114 94 99 103 102 108 101 80 79 87 78 86 93 77 85 92 98 84 91 97 83 90 96 89 95 100];cd Voyager:Users:Gruber:snod_coh:%files to plot files = ['E129_E01_05erg_z1';'E129_E01_01erg_z1';'E129_E01_05erg_z2';'E129_E01_01erg_z2']%files = ['E129_E23_05erg_z1';'E129_E23_01erg_z1';'E129_E23_05erg_z2';'E129_E23_05erg_z2']figure;subplot(2,2,1)for lv = 1 : size(files,1)  % alle files durchgehen  eval(['load ' files(lv,:)])  ergMat=zeros(135,135);  for i = 1 : size(x,1) %schleife ueber signifikante vergleiche           if x(i,3) == 1,         o1 = find(sort_vec==x(i,1));        o2 = find(sort_vec==x(i,2));              if o1<o2,ergMat(o1,o2)=1;else ergMat(o2,o1)=1;end;             end;        if x(i,3) == -1,         o1 = find(sort_vec==x(i,1));        o2 = find(sort_vec==x(i,2));            %error('aus')        if o1<o2,ergMat(o1,o2)=-1;else ergMat(o2,o1)=-1;end;           end;  end;        subplot(2,2,lv);  pcolor(ergMat);shading flat;colormap ([0 0 1; 1 1 1;1 0 0])  title(files(lv,:))end;